{"metadata":{"kernelspec":{"language":"python","display_name":"Python 3","name":"python3"},"language_info":{"name":"python","version":"3.12.12","mimetype":"text/x-python","codemirror_mode":{"name":"ipython","version":3},"pygments_lexer":"ipython3","nbconvert_exporter":"python","file_extension":".py"},"kaggle":{"accelerator":"none","dataSources":[{"sourceType":"competition","sourceId":125220,"databundleVersionId":16144599},{"sourceType":"datasetVersion","sourceId":14257623,"datasetId":9097507,"databundleVersionId":15057357},{"sourceType":"datasetVersion","sourceId":15643194,"datasetId":9032056,"databundleVersionId":16578695}],"dockerImageVersionId":31329,"isInternetEnabled":true,"language":"python","sourceType":"notebook","isGpuEnabled":false}},"nbformat_minor":4,"nbformat":4,"cells":[{"cell_type":"markdown","source":"## 1. import","metadata":{}},{"cell_type":"code","source":"import numpy as np\nimport pandas as pd","metadata":{"_uuid":"8f2839f25d086af736a60e9eeb907d3b93b6e0e5","_cell_guid":"b1076dfc-b9ad-4769-8c92-a6c4dae69d19","trusted":true,"execution":{"iopub.status.busy":"2026-04-11T21:19:30.028805Z","iopub.execute_input":"2026-04-11T21:19:30.029142Z","iopub.status.idle":"2026-04-11T21:19:30.032902Z","shell.execute_reply.started":"2026-04-11T21:19:30.029113Z","shell.execute_reply":"2026-04-11T21:19:30.032209Z"}},"outputs":[],"execution_count":8},{"cell_type":"markdown","source":"## 2. config","metadata":{}},{"cell_type":"code","source":"class CFG:\n    SEED = 42\n    N_SPLITS = 5\n    TARGET_COL = \"Irrigation_Need\"\n    ID_COL = \"id\"\n\n    TRAIN_PATH = \"/kaggle/input/competitions/playground-series-s6e4/train.csv\"\n    TEST_PATH = \"/kaggle/input/competitions/playground-series-s6e4/test.csv\"\n    NPY_PATH = \"/kaggle/input/datasets/mizushimatoshihiko/npy-files/\"","metadata":{"_uuid":"8f2839f25d086af736a60e9eeb907d3b93b6e0e5","_cell_guid":"b1076dfc-b9ad-4769-8c92-a6c4dae69d19","trusted":true,"execution":{"iopub.status.busy":"2026-04-11T21:19:30.033873Z","iopub.execute_input":"2026-04-11T21:19:30.034075Z","iopub.status.idle":"2026-04-11T21:19:30.055270Z","shell.execute_reply.started":"2026-04-11T21:19:30.034052Z","shell.execute_reply":"2026-04-11T21:19:30.054405Z"}},"outputs":[],"execution_count":9},{"cell_type":"markdown","source":"## 3. models dict","metadata":{}},{"cell_type":"code","source":"# ==============================\n# Load OOF / PRED\n# ==============================\nmodel_dict = {\n    \"018\": (\n        np.load(CFG.NPY_PATH + \"oof_cat_pairwise_te_bias_from_shared_min_proba_biased.npy\"),\n        np.load(CFG.NPY_PATH + \"pred_cat_pairwise_te_bias_from_shared_min_proba_biased.npy\"),\n    ),\n    \"024\": (\n        np.load(CFG.NPY_PATH + \"oof_xgb_digit_orderedte_min_proba_biased.npy\"),\n        np.load(CFG.NPY_PATH + \"pred_xgb_digit_orderedte_min_proba_biased.npy\"),\n    ),\n    \"025\": (\n        np.load(CFG.NPY_PATH + \"oof_lgb_digit_te_min_proba_biased.npy\"),\n        np.load(CFG.NPY_PATH + \"pred_lgb_digit_te_min_proba_biased.npy\"),\n    ),\n    \"026\": (\n        np.load(CFG.NPY_PATH + \"oof_realmlp_pair_te_min_proba_biased.npy\"),\n        np.load(CFG.NPY_PATH + \"pred_realmlp_pair_te_min_proba_biased.npy\"),\n    ),\n    \"033\": (\n        np.load(CFG.NPY_PATH + \"oof_cat_formula6_orig_pair_proba_biased.npy\"),\n        np.load(CFG.NPY_PATH + \"pred_cat_formula6_orig_pair_proba_biased.npy\"),\n    ),\n    \"034\": (\n        np.load(CFG.NPY_PATH + \"oof_dao_xgb_pair_te_core_min_proba.npy\"),\n        np.load(CFG.NPY_PATH + \"pred_dao_xgb_pair_te_core_min_proba.npy\"),\n    ),\n    \"035\": (\n        np.load(CFG.NPY_PATH + \"oof_dao_xgb_pair_te_plus_formula_min_proba.npy\"),\n        np.load(CFG.NPY_PATH + \"pred_dao_xgb_pair_te_plus_formula_min_proba.npy\"),\n    ),\n    \"037\": (\n        np.load(CFG.NPY_PATH + \"oof_dao_xgb_pair_te_posthoc_only_proba.npy\"),\n        np.load(CFG.NPY_PATH + \"pred_dao_xgb_pair_te_posthoc_only_proba.npy\"),\n    ),\n}","metadata":{"_uuid":"8f2839f25d086af736a60e9eeb907d3b93b6e0e5","_cell_guid":"b1076dfc-b9ad-4769-8c92-a6c4dae69d19","trusted":true,"execution":{"iopub.status.busy":"2026-04-11T21:19:30.056260Z","iopub.execute_input":"2026-04-11T21:19:30.056493Z","iopub.status.idle":"2026-04-11T21:19:30.144700Z","shell.execute_reply.started":"2026-04-11T21:19:30.056470Z","shell.execute_reply":"2026-04-11T21:19:30.143916Z"}},"outputs":[],"execution_count":10},{"cell_type":"markdown","source":"## class order fix","metadata":{}},{"cell_type":"code","source":"perm = [2, 0, 1]\n\nfor name in [\"018\", \"024\", \"025\", \"026\", \"034\", \"035\", \"037\"]:\n    oof_t, pred_t = model_dict[name]\n    model_dict[name] = (oof_t[:, perm], pred_t[:, perm])\n\nfor name, (oof_arr, pred_arr) in model_dict.items():\n    print(name, oof_arr.shape, pred_arr.shape, np.round(oof_arr[:3].sum(axis=1), 6))","metadata":{"_uuid":"8f2839f25d086af736a60e9eeb907d3b93b6e0e5","_cell_guid":"b1076dfc-b9ad-4769-8c92-a6c4dae69d19","trusted":true,"execution":{"iopub.status.busy":"2026-04-11T21:19:30.145659Z","iopub.execute_input":"2026-04-11T21:19:30.145902Z","iopub.status.idle":"2026-04-11T21:19:30.174700Z","shell.execute_reply.started":"2026-04-11T21:19:30.145880Z","shell.execute_reply":"2026-04-11T21:19:30.173661Z"}},"outputs":[{"name":"stdout","text":"018 (630000, 3) (270000, 3) [1. 1. 1.]\n024 (630000, 3) (270000, 3) [1. 1. 1.]\n025 (630000, 3) (270000, 3) [1. 1. 1.]\n026 (630000, 3) (270000, 3) [1. 1. 1.]\n033 (630000, 3) (270000, 3) [1. 1. 1.]\n034 (630000, 3) (270000, 3) [1. 1. 1.]\n035 (630000, 3) (270000, 3) [1. 1. 1.]\n037 (630000, 3) (270000, 3) [0.579839 0.579903 0.579442]\n","output_type":"stream"}],"execution_count":11},{"cell_type":"markdown","source":"## 4. show correlations","metadata":{}},{"cell_type":"code","source":"# ==============================\n# Helpers\n# ==============================\ndef flatten_multiclass_proba(arr: np.ndarray) -> np.ndarray:\n    \"\"\"\n    (n_samples, n_classes) -> 1d flatten\n    相関確認用。まずは全クラスまとめて見る。\n    \"\"\"\n    if arr.ndim == 1:\n        return arr.astype(np.float64)\n    return arr.reshape(-1).astype(np.float64)\n\ndef rank01_pd(x: np.ndarray) -> np.ndarray:\n    s = pd.Series(x)\n    r = s.rank(method=\"average\").values.astype(np.float64)\n    denom = max(len(r) - 1, 1)\n    return (r - 1.0) / denom\n\n# ==============================\n# Build DataFrames\n# ==============================\nnames = list(model_dict.keys())\n\noof_flat = [flatten_multiclass_proba(model_dict[k][0]) for k in names]\npred_flat = [flatten_multiclass_proba(model_dict[k][1]) for k in names]\n\noof_lens = [len(x) for x in oof_flat]\npred_lens = [len(x) for x in pred_flat]\n\nif len(set(oof_lens)) != 1:\n    raise ValueError(f\"OOF lengths mismatch: {dict(zip(names, oof_lens))}\")\nif len(set(pred_lens)) != 1:\n    raise ValueError(f\"PRED lengths mismatch: {dict(zip(names, pred_lens))}\")\n\ndf_oof = pd.DataFrame(np.stack(oof_flat, axis=1), columns=names)\ndf_pred = pd.DataFrame(np.stack(pred_flat, axis=1), columns=names)\n\nprint(\"df_oof shape :\", df_oof.shape)\nprint(\"df_pred shape:\", df_pred.shape)\n\n# ==============================\n# Raw correlation\n# ==============================\nprint(\"\\n=== OOF Pearson corr (raw) ===\")\ndisplay(df_oof.corr())\n\nprint(\"\\n=== TEST Pearson corr (raw) ===\")\ndisplay(df_pred.corr())\n\n# ==============================\n# Rank correlation\n# ==============================\ndf_oof_rank = df_oof.apply(lambda col: rank01_pd(col.values), axis=0, result_type=\"expand\")\ndf_oof_rank.columns = names\n\ndf_pred_rank = df_pred.apply(lambda col: rank01_pd(col.values), axis=0, result_type=\"expand\")\ndf_pred_rank.columns = names\n\nprint(\"\\n=== OOF corr (rank -> Pearson) ===\")\ndisplay(df_oof_rank.corr())\n\nprint(\"\\n=== TEST corr (rank -> Pearson) ===\")\ndisplay(df_pred_rank.corr())\n\n# ==============================\n# Focused view\n# ==============================\ntarget = \"025\"\nbase_models = [model for model in model_dict.keys() if model != target]\n\nprint(f\"\\n=== Focused correlations vs {target} ===\")\nfor bm in base_models:\n    print(\n        f\"{bm:30s} | \"\n        f\"OOF raw={df_oof[target].corr(df_oof[bm]):.6f} | \"\n        f\"TEST raw={df_pred[target].corr(df_pred[bm]):.6f} | \"\n        f\"OOF rank={df_oof_rank[target].corr(df_oof_rank[bm]):.6f} | \"\n        f\"TEST rank={df_pred_rank[target].corr(df_pred_rank[bm]):.6f}\"\n    )","metadata":{"_uuid":"8f2839f25d086af736a60e9eeb907d3b93b6e0e5","_cell_guid":"b1076dfc-b9ad-4769-8c92-a6c4dae69d19","trusted":true,"execution":{"iopub.status.busy":"2026-04-11T21:19:30.176288Z","iopub.execute_input":"2026-04-11T21:19:30.176493Z","iopub.status.idle":"2026-04-11T21:19:36.050451Z","shell.execute_reply.started":"2026-04-11T21:19:30.176473Z","shell.execute_reply":"2026-04-11T21:19:36.049486Z"}},"outputs":[{"name":"stdout","text":"df_oof shape : (1890000, 8)\ndf_pred shape: (810000, 8)\n\n=== OOF Pearson corr (raw) ===\n","output_type":"stream"},{"output_type":"display_data","data":{"text/plain":"          018       024       025       026       033       034       035  \\\n018  1.000000  0.995078  0.994775  0.994960  0.989416  0.996317  0.996174   \n024  0.995078  1.000000  0.998641  0.995699  0.992313  0.996957  0.997369   \n025  0.994775  0.998641  1.000000  0.995700  0.990491  0.996357  0.996576   \n026  0.994960  0.995699  0.995700  1.000000  0.989536  0.995773  0.995699   \n033  0.989416  0.992313  0.990491  0.989536  1.000000  0.992423  0.993232   \n034  0.996317  0.996957  0.996357  0.995773  0.992423  1.000000  0.998701   \n035  0.996174  0.997369  0.996576  0.995699  0.993232  0.998701  1.000000   \n037  0.930650  0.930123  0.931079  0.931383  0.917471  0.932170  0.930783   \n\n          037  \n018  0.930650  \n024  0.930123  \n025  0.931079  \n026  0.931383  \n033  0.917471  \n034  0.932170  \n035  0.930783  \n037  1.000000  ","text/html":"<div>\n<style scoped>\n    .dataframe tbody tr th:only-of-type {\n        vertical-align: middle;\n    }\n\n    .dataframe tbody tr th {\n        vertical-align: top;\n    }\n\n    .dataframe thead th {\n        text-align: right;\n    }\n</style>\n<table border=\"1\" class=\"dataframe\">\n  <thead>\n    <tr style=\"text-align: right;\">\n      <th></th>\n      <th>018</th>\n      <th>024</th>\n      <th>025</th>\n      <th>026</th>\n      <th>033</th>\n      <th>034</th>\n      <th>035</th>\n      <th>037</th>\n    </tr>\n  </thead>\n  <tbody>\n    <tr>\n      <th>018</th>\n      <td>1.000000</td>\n      <td>0.995078</td>\n      <td>0.994775</td>\n      <td>0.994960</td>\n      <td>0.989416</td>\n      <td>0.996317</td>\n      <td>0.996174</td>\n      <td>0.930650</td>\n    </tr>\n    <tr>\n      <th>024</th>\n      <td>0.995078</td>\n      <td>1.000000</td>\n      <td>0.998641</td>\n      <td>0.995699</td>\n      <td>0.992313</td>\n      <td>0.996957</td>\n      <td>0.997369</td>\n      <td>0.930123</td>\n    </tr>\n    <tr>\n      <th>025</th>\n      <td>0.994775</td>\n      <td>0.998641</td>\n      <td>1.000000</td>\n      <td>0.995700</td>\n      <td>0.990491</td>\n      <td>0.996357</td>\n      <td>0.996576</td>\n      <td>0.931079</td>\n    </tr>\n    <tr>\n      <th>026</th>\n      <td>0.994960</td>\n      <td>0.995699</td>\n      <td>0.995700</td>\n      <td>1.000000</td>\n      <td>0.989536</td>\n      <td>0.995773</td>\n      <td>0.995699</td>\n      <td>0.931383</td>\n    </tr>\n    <tr>\n      <th>033</th>\n      <td>0.989416</td>\n      <td>0.992313</td>\n      <td>0.990491</td>\n      <td>0.989536</td>\n      <td>1.000000</td>\n      <td>0.992423</td>\n      <td>0.993232</td>\n      <td>0.917471</td>\n    </tr>\n    <tr>\n      <th>034</th>\n      <td>0.996317</td>\n      <td>0.996957</td>\n      <td>0.996357</td>\n      <td>0.995773</td>\n      <td>0.992423</td>\n      <td>1.000000</td>\n      <td>0.998701</td>\n      <td>0.932170</td>\n    </tr>\n    <tr>\n      <th>035</th>\n      <td>0.996174</td>\n      <td>0.997369</td>\n      <td>0.996576</td>\n      <td>0.995699</td>\n      <td>0.993232</td>\n      <td>0.998701</td>\n      <td>1.000000</td>\n      <td>0.930783</td>\n    </tr>\n    <tr>\n      <th>037</th>\n      <td>0.930650</td>\n      <td>0.930123</td>\n      <td>0.931079</td>\n      <td>0.931383</td>\n      <td>0.917471</td>\n      <td>0.932170</td>\n      <td>0.930783</td>\n      <td>1.000000</td>\n    </tr>\n  </tbody>\n</table>\n</div>"},"metadata":{}},{"name":"stdout","text":"\n=== TEST Pearson corr (raw) ===\n","output_type":"stream"},{"output_type":"display_data","data":{"text/plain":"          018       024       025       026       033       034       035  \\\n018  1.000000  0.996178  0.995935  0.995901  0.990009  0.996821  0.996733   \n024  0.996178  1.000000  0.999317  0.997025  0.992681  0.997961  0.998157   \n025  0.995935  0.999317  1.000000  0.997172  0.991018  0.997460  0.997475   \n026  0.995901  0.997025  0.997172  1.000000  0.990242  0.996689  0.996514   \n033  0.990009  0.992681  0.991018  0.990242  1.000000  0.993034  0.993585   \n034  0.996821  0.997961  0.997460  0.996689  0.993034  1.000000  0.999029   \n035  0.996733  0.998157  0.997475  0.996514  0.993585  0.999029  1.000000   \n037  0.930685  0.930948  0.931944  0.931936  0.917518  0.931611  0.930631   \n\n          037  \n018  0.930685  \n024  0.930948  \n025  0.931944  \n026  0.931936  \n033  0.917518  \n034  0.931611  \n035  0.930631  \n037  1.000000  ","text/html":"<div>\n<style scoped>\n    .dataframe tbody tr th:only-of-type {\n        vertical-align: middle;\n    }\n\n    .dataframe tbody tr th {\n        vertical-align: top;\n    }\n\n    .dataframe thead th {\n        text-align: right;\n    }\n</style>\n<table border=\"1\" class=\"dataframe\">\n  <thead>\n    <tr style=\"text-align: right;\">\n      <th></th>\n      <th>018</th>\n      <th>024</th>\n      <th>025</th>\n      <th>026</th>\n      <th>033</th>\n      <th>034</th>\n      <th>035</th>\n      <th>037</th>\n    </tr>\n  </thead>\n  <tbody>\n    <tr>\n      <th>018</th>\n      <td>1.000000</td>\n      <td>0.996178</td>\n      <td>0.995935</td>\n      <td>0.995901</td>\n      <td>0.990009</td>\n      <td>0.996821</td>\n      <td>0.996733</td>\n      <td>0.930685</td>\n    </tr>\n    <tr>\n      <th>024</th>\n      <td>0.996178</td>\n      <td>1.000000</td>\n      <td>0.999317</td>\n      <td>0.997025</td>\n      <td>0.992681</td>\n      <td>0.997961</td>\n      <td>0.998157</td>\n      <td>0.930948</td>\n    </tr>\n    <tr>\n      <th>025</th>\n      <td>0.995935</td>\n      <td>0.999317</td>\n      <td>1.000000</td>\n      <td>0.997172</td>\n      <td>0.991018</td>\n      <td>0.997460</td>\n      <td>0.997475</td>\n      <td>0.931944</td>\n    </tr>\n    <tr>\n      <th>026</th>\n      <td>0.995901</td>\n      <td>0.997025</td>\n      <td>0.997172</td>\n      <td>1.000000</td>\n      <td>0.990242</td>\n      <td>0.996689</td>\n      <td>0.996514</td>\n      <td>0.931936</td>\n    </tr>\n    <tr>\n      <th>033</th>\n      <td>0.990009</td>\n      <td>0.992681</td>\n      <td>0.991018</td>\n      <td>0.990242</td>\n      <td>1.000000</td>\n      <td>0.993034</td>\n      <td>0.993585</td>\n      <td>0.917518</td>\n    </tr>\n    <tr>\n      <th>034</th>\n      <td>0.996821</td>\n      <td>0.997961</td>\n      <td>0.997460</td>\n      <td>0.996689</td>\n      <td>0.993034</td>\n      <td>1.000000</td>\n      <td>0.999029</td>\n      <td>0.931611</td>\n    </tr>\n    <tr>\n      <th>035</th>\n      <td>0.996733</td>\n      <td>0.998157</td>\n      <td>0.997475</td>\n      <td>0.996514</td>\n      <td>0.993585</td>\n      <td>0.999029</td>\n      <td>1.000000</td>\n      <td>0.930631</td>\n    </tr>\n    <tr>\n      <th>037</th>\n      <td>0.930685</td>\n      <td>0.930948</td>\n      <td>0.931944</td>\n      <td>0.931936</td>\n      <td>0.917518</td>\n      <td>0.931611</td>\n      <td>0.930631</td>\n      <td>1.000000</td>\n    </tr>\n  </tbody>\n</table>\n</div>"},"metadata":{}},{"name":"stdout","text":"\n=== OOF corr (rank -> Pearson) ===\n","output_type":"stream"},{"output_type":"display_data","data":{"text/plain":"          018       024       025       026       033       034       035  \\\n018  1.000000  0.942156  0.945456  0.911784  0.893168  0.938409  0.937743   \n024  0.942156  1.000000  0.992057  0.908159  0.960458  0.985251  0.979616   \n025  0.945456  0.992057  1.000000  0.909005  0.951944  0.978616  0.972389   \n026  0.911784  0.908159  0.909005  1.000000  0.885193  0.903430  0.901127   \n033  0.893168  0.960458  0.951944  0.885193  1.000000  0.961895  0.963662   \n034  0.938409  0.985251  0.978616  0.903430  0.961895  1.000000  0.989002   \n035  0.937743  0.979616  0.972389  0.901127  0.963662  0.989002  1.000000   \n037  0.941416  0.979720  0.976969  0.904928  0.947266  0.985549  0.974192   \n\n          037  \n018  0.941416  \n024  0.979720  \n025  0.976969  \n026  0.904928  \n033  0.947266  \n034  0.985549  \n035  0.974192  \n037  1.000000  ","text/html":"<div>\n<style scoped>\n    .dataframe tbody tr th:only-of-type {\n        vertical-align: middle;\n    }\n\n    .dataframe tbody tr th {\n        vertical-align: top;\n    }\n\n    .dataframe thead th {\n        text-align: right;\n    }\n</style>\n<table border=\"1\" class=\"dataframe\">\n  <thead>\n    <tr style=\"text-align: right;\">\n      <th></th>\n      <th>018</th>\n      <th>024</th>\n      <th>025</th>\n      <th>026</th>\n      <th>033</th>\n      <th>034</th>\n      <th>035</th>\n      <th>037</th>\n    </tr>\n  </thead>\n  <tbody>\n    <tr>\n      <th>018</th>\n      <td>1.000000</td>\n      <td>0.942156</td>\n      <td>0.945456</td>\n      <td>0.911784</td>\n      <td>0.893168</td>\n      <td>0.938409</td>\n      <td>0.937743</td>\n      <td>0.941416</td>\n    </tr>\n    <tr>\n      <th>024</th>\n      <td>0.942156</td>\n      <td>1.000000</td>\n      <td>0.992057</td>\n      <td>0.908159</td>\n      <td>0.960458</td>\n      <td>0.985251</td>\n      <td>0.979616</td>\n      <td>0.979720</td>\n    </tr>\n    <tr>\n      <th>025</th>\n      <td>0.945456</td>\n      <td>0.992057</td>\n      <td>1.000000</td>\n      <td>0.909005</td>\n      <td>0.951944</td>\n      <td>0.978616</td>\n      <td>0.972389</td>\n      <td>0.976969</td>\n    </tr>\n    <tr>\n      <th>026</th>\n      <td>0.911784</td>\n      <td>0.908159</td>\n      <td>0.909005</td>\n      <td>1.000000</td>\n      <td>0.885193</td>\n      <td>0.903430</td>\n      <td>0.901127</td>\n      <td>0.904928</td>\n    </tr>\n    <tr>\n      <th>033</th>\n      <td>0.893168</td>\n      <td>0.960458</td>\n      <td>0.951944</td>\n      <td>0.885193</td>\n      <td>1.000000</td>\n      <td>0.961895</td>\n      <td>0.963662</td>\n      <td>0.947266</td>\n    </tr>\n    <tr>\n      <th>034</th>\n      <td>0.938409</td>\n      <td>0.985251</td>\n      <td>0.978616</td>\n      <td>0.903430</td>\n      <td>0.961895</td>\n      <td>1.000000</td>\n      <td>0.989002</td>\n      <td>0.985549</td>\n    </tr>\n    <tr>\n      <th>035</th>\n      <td>0.937743</td>\n      <td>0.979616</td>\n      <td>0.972389</td>\n      <td>0.901127</td>\n      <td>0.963662</td>\n      <td>0.989002</td>\n      <td>1.000000</td>\n      <td>0.974192</td>\n    </tr>\n    <tr>\n      <th>037</th>\n      <td>0.941416</td>\n      <td>0.979720</td>\n      <td>0.976969</td>\n      <td>0.904928</td>\n      <td>0.947266</td>\n      <td>0.985549</td>\n      <td>0.974192</td>\n      <td>1.000000</td>\n    </tr>\n  </tbody>\n</table>\n</div>"},"metadata":{}},{"name":"stdout","text":"\n=== TEST corr (rank -> Pearson) ===\n","output_type":"stream"},{"output_type":"display_data","data":{"text/plain":"          018       024       025       026       033       034       035  \\\n018  1.000000  0.945409  0.952764  0.952204  0.900769  0.940429  0.939614   \n024  0.945409  1.000000  0.996804  0.928774  0.967857  0.988288  0.982775   \n025  0.952764  0.996804  1.000000  0.937726  0.960519  0.983981  0.977426   \n026  0.952204  0.928774  0.937726  1.000000  0.879834  0.913080  0.905019   \n033  0.900769  0.967857  0.960519  0.879834  1.000000  0.969307  0.971383   \n034  0.940429  0.988288  0.983981  0.913080  0.969307  1.000000  0.990169   \n035  0.939614  0.982775  0.977426  0.905019  0.971383  0.990169  1.000000   \n037  0.943556  0.982569  0.982837  0.926132  0.954116  0.985740  0.975309   \n\n          037  \n018  0.943556  \n024  0.982569  \n025  0.982837  \n026  0.926132  \n033  0.954116  \n034  0.985740  \n035  0.975309  \n037  1.000000  ","text/html":"<div>\n<style scoped>\n    .dataframe tbody tr th:only-of-type {\n        vertical-align: middle;\n    }\n\n    .dataframe tbody tr th {\n        vertical-align: top;\n    }\n\n    .dataframe thead th {\n        text-align: right;\n    }\n</style>\n<table border=\"1\" class=\"dataframe\">\n  <thead>\n    <tr style=\"text-align: right;\">\n      <th></th>\n      <th>018</th>\n      <th>024</th>\n      <th>025</th>\n      <th>026</th>\n      <th>033</th>\n      <th>034</th>\n      <th>035</th>\n      <th>037</th>\n    </tr>\n  </thead>\n  <tbody>\n    <tr>\n      <th>018</th>\n      <td>1.000000</td>\n      <td>0.945409</td>\n      <td>0.952764</td>\n      <td>0.952204</td>\n      <td>0.900769</td>\n      <td>0.940429</td>\n      <td>0.939614</td>\n      <td>0.943556</td>\n    </tr>\n    <tr>\n      <th>024</th>\n      <td>0.945409</td>\n      <td>1.000000</td>\n      <td>0.996804</td>\n      <td>0.928774</td>\n      <td>0.967857</td>\n      <td>0.988288</td>\n      <td>0.982775</td>\n      <td>0.982569</td>\n    </tr>\n    <tr>\n      <th>025</th>\n      <td>0.952764</td>\n      <td>0.996804</td>\n      <td>1.000000</td>\n      <td>0.937726</td>\n      <td>0.960519</td>\n      <td>0.983981</td>\n      <td>0.977426</td>\n      <td>0.982837</td>\n    </tr>\n    <tr>\n      <th>026</th>\n      <td>0.952204</td>\n      <td>0.928774</td>\n      <td>0.937726</td>\n      <td>1.000000</td>\n      <td>0.879834</td>\n      <td>0.913080</td>\n      <td>0.905019</td>\n      <td>0.926132</td>\n    </tr>\n    <tr>\n      <th>033</th>\n      <td>0.900769</td>\n      <td>0.967857</td>\n      <td>0.960519</td>\n      <td>0.879834</td>\n      <td>1.000000</td>\n      <td>0.969307</td>\n      <td>0.971383</td>\n      <td>0.954116</td>\n    </tr>\n    <tr>\n      <th>034</th>\n      <td>0.940429</td>\n      <td>0.988288</td>\n      <td>0.983981</td>\n      <td>0.913080</td>\n      <td>0.969307</td>\n      <td>1.000000</td>\n      <td>0.990169</td>\n      <td>0.985740</td>\n    </tr>\n    <tr>\n      <th>035</th>\n      <td>0.939614</td>\n      <td>0.982775</td>\n      <td>0.977426</td>\n      <td>0.905019</td>\n      <td>0.971383</td>\n      <td>0.990169</td>\n      <td>1.000000</td>\n      <td>0.975309</td>\n    </tr>\n    <tr>\n      <th>037</th>\n      <td>0.943556</td>\n      <td>0.982569</td>\n      <td>0.982837</td>\n      <td>0.926132</td>\n      <td>0.954116</td>\n      <td>0.985740</td>\n      <td>0.975309</td>\n      <td>1.000000</td>\n    </tr>\n  </tbody>\n</table>\n</div>"},"metadata":{}},{"name":"stdout","text":"\n=== Focused correlations vs 025 ===\n018                            | OOF raw=0.994775 | TEST raw=0.995935 | OOF rank=0.945456 | TEST rank=0.952764\n024                            | OOF raw=0.998641 | TEST raw=0.999317 | OOF rank=0.992057 | TEST rank=0.996804\n026                            | OOF raw=0.995700 | TEST raw=0.997172 | OOF rank=0.909005 | TEST rank=0.937726\n033                            | OOF raw=0.990491 | TEST raw=0.991018 | OOF rank=0.951944 | TEST rank=0.960519\n034                            | OOF raw=0.996357 | TEST raw=0.997460 | OOF rank=0.978616 | TEST rank=0.983981\n035                            | OOF raw=0.996576 | TEST raw=0.997475 | OOF rank=0.972389 | TEST rank=0.977426\n037                            | OOF raw=0.931079 | TEST raw=0.931944 | OOF rank=0.976969 | TEST rank=0.982837\n","output_type":"stream"}],"execution_count":12},{"cell_type":"code","source":"# 3x3 の classwise cross-corr を見る\nfor bm in base_models:\n    print(f\"\\n=== {bm} vs {target} : OOF classwise cross-corr ===\")\n    a = model_dict[bm][0]   # base model OOF\n    b = model_dict[target][0]  # target model OOF\n\n    mat = np.zeros((a.shape[1], b.shape[1]))\n    for i in range(a.shape[1]):\n        for j in range(b.shape[1]):\n            mat[i, j] = np.corrcoef(a[:, i], b[:, j])[0, 1]\n\n    display(pd.DataFrame(\n        mat,\n        index=[f\"{bm}_class{i}\" for i in range(a.shape[1])],\n        columns=[f\"{target}_class{j}\" for j in range(b.shape[1])]\n    ))","metadata":{"trusted":true,"execution":{"iopub.status.busy":"2026-04-11T21:19:36.051420Z","iopub.execute_input":"2026-04-11T21:19:36.051717Z","iopub.status.idle":"2026-04-11T21:19:36.313722Z","shell.execute_reply.started":"2026-04-11T21:19:36.051688Z","shell.execute_reply":"2026-04-11T21:19:36.312746Z"}},"outputs":[{"name":"stdout","text":"\n=== 018 vs 025 : OOF classwise cross-corr ===\n","output_type":"stream"},{"output_type":"display_data","data":{"text/plain":"            025_class0  025_class1  025_class2\n018_class0    0.971902   -0.254501   -0.123702\n018_class1   -0.287913    0.996963   -0.921963\n018_class2   -0.086618   -0.920920    0.992550","text/html":"<div>\n<style scoped>\n    .dataframe tbody tr th:only-of-type {\n        vertical-align: middle;\n    }\n\n    .dataframe tbody tr th {\n        vertical-align: top;\n    }\n\n    .dataframe thead th {\n        text-align: right;\n    }\n</style>\n<table border=\"1\" class=\"dataframe\">\n  <thead>\n    <tr style=\"text-align: right;\">\n      <th></th>\n      <th>025_class0</th>\n      <th>025_class1</th>\n      <th>025_class2</th>\n    </tr>\n  </thead>\n  <tbody>\n    <tr>\n      <th>018_class0</th>\n      <td>0.971902</td>\n      <td>-0.254501</td>\n      <td>-0.123702</td>\n    </tr>\n    <tr>\n      <th>018_class1</th>\n      <td>-0.287913</td>\n      <td>0.996963</td>\n      <td>-0.921963</td>\n    </tr>\n    <tr>\n      <th>018_class2</th>\n      <td>-0.086618</td>\n      <td>-0.920920</td>\n      <td>0.992550</td>\n    </tr>\n  </tbody>\n</table>\n</div>"},"metadata":{}},{"name":"stdout","text":"\n=== 024 vs 025 : OOF classwise cross-corr ===\n","output_type":"stream"},{"output_type":"display_data","data":{"text/plain":"            025_class0  025_class1  025_class2\n024_class0    0.990794   -0.272963   -0.112047\n024_class1   -0.290260    0.999520   -0.923685\n024_class2   -0.087583   -0.925831    0.998044","text/html":"<div>\n<style scoped>\n    .dataframe tbody tr th:only-of-type {\n        vertical-align: middle;\n    }\n\n    .dataframe tbody tr th {\n        vertical-align: top;\n    }\n\n    .dataframe thead th {\n        text-align: right;\n    }\n</style>\n<table border=\"1\" class=\"dataframe\">\n  <thead>\n    <tr style=\"text-align: right;\">\n      <th></th>\n      <th>025_class0</th>\n      <th>025_class1</th>\n      <th>025_class2</th>\n    </tr>\n  </thead>\n  <tbody>\n    <tr>\n      <th>024_class0</th>\n      <td>0.990794</td>\n      <td>-0.272963</td>\n      <td>-0.112047</td>\n    </tr>\n    <tr>\n      <th>024_class1</th>\n      <td>-0.290260</td>\n      <td>0.999520</td>\n      <td>-0.923685</td>\n    </tr>\n    <tr>\n      <th>024_class2</th>\n      <td>-0.087583</td>\n      <td>-0.925831</td>\n      <td>0.998044</td>\n    </tr>\n  </tbody>\n</table>\n</div>"},"metadata":{}},{"name":"stdout","text":"\n=== 026 vs 025 : OOF classwise cross-corr ===\n","output_type":"stream"},{"output_type":"display_data","data":{"text/plain":"            025_class0  025_class1  025_class2\n026_class0    0.973837   -0.293665   -0.083737\n026_class1   -0.289798    0.998112   -0.922406\n026_class2   -0.091969   -0.919956    0.993686","text/html":"<div>\n<style scoped>\n    .dataframe tbody tr th:only-of-type {\n        vertical-align: middle;\n    }\n\n    .dataframe tbody tr th {\n        vertical-align: top;\n    }\n\n    .dataframe thead th {\n        text-align: right;\n    }\n</style>\n<table border=\"1\" class=\"dataframe\">\n  <thead>\n    <tr style=\"text-align: right;\">\n      <th></th>\n      <th>025_class0</th>\n      <th>025_class1</th>\n      <th>025_class2</th>\n    </tr>\n  </thead>\n  <tbody>\n    <tr>\n      <th>026_class0</th>\n      <td>0.973837</td>\n      <td>-0.293665</td>\n      <td>-0.083737</td>\n    </tr>\n    <tr>\n      <th>026_class1</th>\n      <td>-0.289798</td>\n      <td>0.998112</td>\n      <td>-0.922406</td>\n    </tr>\n    <tr>\n      <th>026_class2</th>\n      <td>-0.091969</td>\n      <td>-0.919956</td>\n      <td>0.993686</td>\n    </tr>\n  </tbody>\n</table>\n</div>"},"metadata":{}},{"name":"stdout","text":"\n=== 033 vs 025 : OOF classwise cross-corr ===\n","output_type":"stream"},{"output_type":"display_data","data":{"text/plain":"            025_class0  025_class1  025_class2\n033_class0    0.935710   -0.238828   -0.125540\n033_class1   -0.291223    0.996367   -0.920020\n033_class2   -0.039119   -0.933310    0.986454","text/html":"<div>\n<style scoped>\n    .dataframe tbody tr th:only-of-type {\n        vertical-align: middle;\n    }\n\n    .dataframe tbody tr th {\n        vertical-align: top;\n    }\n\n    .dataframe thead th {\n        text-align: right;\n    }\n</style>\n<table border=\"1\" class=\"dataframe\">\n  <thead>\n    <tr style=\"text-align: right;\">\n      <th></th>\n      <th>025_class0</th>\n      <th>025_class1</th>\n      <th>025_class2</th>\n    </tr>\n  </thead>\n  <tbody>\n    <tr>\n      <th>033_class0</th>\n      <td>0.935710</td>\n      <td>-0.238828</td>\n      <td>-0.125540</td>\n    </tr>\n    <tr>\n      <th>033_class1</th>\n      <td>-0.291223</td>\n      <td>0.996367</td>\n      <td>-0.920020</td>\n    </tr>\n    <tr>\n      <th>033_class2</th>\n      <td>-0.039119</td>\n      <td>-0.933310</td>\n      <td>0.986454</td>\n    </tr>\n  </tbody>\n</table>\n</div>"},"metadata":{}},{"name":"stdout","text":"\n=== 034 vs 025 : OOF classwise cross-corr ===\n","output_type":"stream"},{"output_type":"display_data","data":{"text/plain":"            025_class0  025_class1  025_class2\n034_class0    0.979043   -0.257965   -0.122952\n034_class1   -0.289418    0.998162   -0.922610\n034_class2   -0.078456   -0.926295    0.994879","text/html":"<div>\n<style scoped>\n    .dataframe tbody tr th:only-of-type {\n        vertical-align: middle;\n    }\n\n    .dataframe tbody tr th {\n        vertical-align: top;\n    }\n\n    .dataframe thead th {\n        text-align: right;\n    }\n</style>\n<table border=\"1\" class=\"dataframe\">\n  <thead>\n    <tr style=\"text-align: right;\">\n      <th></th>\n      <th>025_class0</th>\n      <th>025_class1</th>\n      <th>025_class2</th>\n    </tr>\n  </thead>\n  <tbody>\n    <tr>\n      <th>034_class0</th>\n      <td>0.979043</td>\n      <td>-0.257965</td>\n      <td>-0.122952</td>\n    </tr>\n    <tr>\n      <th>034_class1</th>\n      <td>-0.289418</td>\n      <td>0.998162</td>\n      <td>-0.922610</td>\n    </tr>\n    <tr>\n      <th>034_class2</th>\n      <td>-0.078456</td>\n      <td>-0.926295</td>\n      <td>0.994879</td>\n    </tr>\n  </tbody>\n</table>\n</div>"},"metadata":{}},{"name":"stdout","text":"\n=== 035 vs 025 : OOF classwise cross-corr ===\n","output_type":"stream"},{"output_type":"display_data","data":{"text/plain":"            025_class0  025_class1  025_class2\n035_class0    0.978528   -0.257373   -0.123362\n035_class1   -0.289192    0.998537   -0.923090\n035_class2   -0.078523   -0.926567    0.995189","text/html":"<div>\n<style scoped>\n    .dataframe tbody tr th:only-of-type {\n        vertical-align: middle;\n    }\n\n    .dataframe tbody tr th {\n        vertical-align: top;\n    }\n\n    .dataframe thead th {\n        text-align: right;\n    }\n</style>\n<table border=\"1\" class=\"dataframe\">\n  <thead>\n    <tr style=\"text-align: right;\">\n      <th></th>\n      <th>025_class0</th>\n      <th>025_class1</th>\n      <th>025_class2</th>\n    </tr>\n  </thead>\n  <tbody>\n    <tr>\n      <th>035_class0</th>\n      <td>0.978528</td>\n      <td>-0.257373</td>\n      <td>-0.123362</td>\n    </tr>\n    <tr>\n      <th>035_class1</th>\n      <td>-0.289192</td>\n      <td>0.998537</td>\n      <td>-0.923090</td>\n    </tr>\n    <tr>\n      <th>035_class2</th>\n      <td>-0.078523</td>\n      <td>-0.926567</td>\n      <td>0.995189</td>\n    </tr>\n  </tbody>\n</table>\n</div>"},"metadata":{}},{"name":"stdout","text":"\n=== 037 vs 025 : OOF classwise cross-corr ===\n","output_type":"stream"},{"output_type":"display_data","data":{"text/plain":"            025_class0  025_class1  025_class2\n037_class0    0.979043   -0.257965   -0.122952\n037_class1   -0.289418    0.998162   -0.922610\n037_class2   -0.078456   -0.926295    0.994879","text/html":"<div>\n<style scoped>\n    .dataframe tbody tr th:only-of-type {\n        vertical-align: middle;\n    }\n\n    .dataframe tbody tr th {\n        vertical-align: top;\n    }\n\n    .dataframe thead th {\n        text-align: right;\n    }\n</style>\n<table border=\"1\" class=\"dataframe\">\n  <thead>\n    <tr style=\"text-align: right;\">\n      <th></th>\n      <th>025_class0</th>\n      <th>025_class1</th>\n      <th>025_class2</th>\n    </tr>\n  </thead>\n  <tbody>\n    <tr>\n      <th>037_class0</th>\n      <td>0.979043</td>\n      <td>-0.257965</td>\n      <td>-0.122952</td>\n    </tr>\n    <tr>\n      <th>037_class1</th>\n      <td>-0.289418</td>\n      <td>0.998162</td>\n      <td>-0.922610</td>\n    </tr>\n    <tr>\n      <th>037_class2</th>\n      <td>-0.078456</td>\n      <td>-0.926295</td>\n      <td>0.994879</td>\n    </tr>\n  </tbody>\n</table>\n</div>"},"metadata":{}}],"execution_count":13},{"cell_type":"code","source":"# 行和を確認する\nfor name, (oof, pred) in model_dict.items():\n    print(name)\n    print(\"  oof shape:\", oof.shape)\n    print(\"  pred shape:\", pred.shape)\n    print(\"  oof row sum head:\", np.round(oof[:5].sum(axis=1), 6))\n    print(\"  pred row sum head:\", np.round(pred[:5].sum(axis=1), 6))\n    print(\"  oof min/max:\", float(oof.min()), float(oof.max()))\n    print()","metadata":{"trusted":true,"execution":{"iopub.status.busy":"2026-04-11T21:19:36.314720Z","iopub.execute_input":"2026-04-11T21:19:36.314988Z","iopub.status.idle":"2026-04-11T21:19:36.333031Z","shell.execute_reply.started":"2026-04-11T21:19:36.314953Z","shell.execute_reply":"2026-04-11T21:19:36.332128Z"}},"outputs":[{"name":"stdout","text":"018\n  oof shape: (630000, 3)\n  pred shape: (270000, 3)\n  oof row sum head: [1. 1. 1. 1. 1.]\n  pred row sum head: [1. 1. 1. 1. 1.]\n  oof min/max: 1.9344165225501327e-16 1.0\n\n024\n  oof shape: (630000, 3)\n  pred shape: (270000, 3)\n  oof row sum head: [1. 1. 1. 1. 1.]\n  pred row sum head: [1. 1. 1. 1. 1.]\n  oof min/max: 3.1933023818319686e-11 0.9999999093325029\n\n025\n  oof shape: (630000, 3)\n  pred shape: (270000, 3)\n  oof row sum head: [1. 1. 1. 1. 1.]\n  pred row sum head: [1. 1. 1. 1. 1.]\n  oof min/max: 4.440628106685934e-11 0.9999999066650522\n\n026\n  oof shape: (630000, 3)\n  pred shape: (270000, 3)\n  oof row sum head: [1. 1. 1. 1. 1.]\n  pred row sum head: [1. 1. 1. 1. 1.]\n  oof min/max: 2.7523189244835606e-05 0.9999186461608099\n\n033\n  oof shape: (630000, 3)\n  pred shape: (270000, 3)\n  oof row sum head: [1. 1. 1. 1. 1.]\n  pred row sum head: [1. 1. 1. 1. 1.]\n  oof min/max: 3.287685263082626e-07 0.9999699110210166\n\n034\n  oof shape: (630000, 3)\n  pred shape: (270000, 3)\n  oof row sum head: [1. 1. 1. 1. 1.]\n  pred row sum head: [1. 1. 1. 1. 1.]\n  oof min/max: 3.8274945712846176e-11 0.9999998807907104\n\n035\n  oof shape: (630000, 3)\n  pred shape: (270000, 3)\n  oof row sum head: [1. 1. 1. 1. 1.]\n  pred row sum head: [1. 1. 1. 1. 1.]\n  oof min/max: 1.0355764246128274e-08 0.9999994039535522\n\n037\n  oof shape: (630000, 3)\n  pred shape: (270000, 3)\n  oof row sum head: [0.579839 0.579903 0.579442 0.51052  0.579778]\n  pred row sum head: [0.579995 0.576754 0.57999  0.579922 0.579987]\n  oof min/max: 2.219946795833927e-11 1.5399997234344482\n\n","output_type":"stream"}],"execution_count":14}]}