{"metadata":{"kernelspec":{"language":"python","display_name":"Python 3","name":"python3"},"language_info":{"name":"python","version":"3.12.12","mimetype":"text/x-python","codemirror_mode":{"name":"ipython","version":3},"pygments_lexer":"ipython3","nbconvert_exporter":"python","file_extension":".py"},"kaggle":{"accelerator":"none","dataSources":[{"sourceType":"competition","sourceId":125221,"databundleVersionId":16856040},{"sourceType":"datasetVersion","sourceId":15604713,"datasetId":9945668,"databundleVersionId":16538098},{"sourceType":"datasetVersion","sourceId":16219261,"datasetId":9032056,"databundleVersionId":17199930}],"dockerImageVersionId":31328,"isInternetEnabled":true,"language":"python","sourceType":"notebook","isGpuEnabled":false}},"nbformat_minor":4,"nbformat":4,"cells":[{"cell_type":"code","source":"# ============================================================\n# PS S6E5 - exp_20260504_010_blend_core_min\n#\n# Compare:\n# - Avg\n# - Ridge\n# - ElasticNet - disabled\n# - LogisticRegression\n# - Hill Climb\n# - Nelder-Mead\n# - Signed SLSQP\n# ============================================================","metadata":{"_uuid":"8f2839f25d086af736a60e9eeb907d3b93b6e0e5","_cell_guid":"b1076dfc-b9ad-4769-8c92-a6c4dae69d19","trusted":true,"execution":{"iopub.status.busy":"2026-05-13T02:16:24.122765Z","iopub.execute_input":"2026-05-13T02:16:24.123246Z","iopub.status.idle":"2026-05-13T02:16:24.128903Z","shell.execute_reply.started":"2026-05-13T02:16:24.123212Z","shell.execute_reply":"2026-05-13T02:16:24.127511Z"}},"outputs":[],"execution_count":7},{"cell_type":"code","source":"import os\nimport json\nimport random\nimport warnings\nfrom pathlib import Path\n\nimport numpy as np\nimport pandas as pd\n\nfrom scipy.optimize import minimize\nfrom scipy.stats import rankdata, spearmanr\n\nfrom sklearn.metrics import roc_auc_score\nfrom sklearn.model_selection import StratifiedKFold\nfrom sklearn.pipeline import make_pipeline\nfrom sklearn.preprocessing import StandardScaler\nfrom sklearn.linear_model import Ridge, ElasticNet, LogisticRegression\n\nwarnings.filterwarnings(\"ignore\")\npd.set_option(\"display.max_columns\", 200)","metadata":{"trusted":true,"execution":{"iopub.status.busy":"2026-05-13T02:16:24.131056Z","iopub.execute_input":"2026-05-13T02:16:24.131376Z","iopub.status.idle":"2026-05-13T02:16:24.150540Z","shell.execute_reply.started":"2026-05-13T02:16:24.131348Z","shell.execute_reply":"2026-05-13T02:16:24.149332Z"}},"outputs":[],"execution_count":8},{"cell_type":"code","source":"# ============================================================\n# Config\n# ============================================================\n\nclass CFG:\n    EXP_ID = \"exp_20260504_010_blend_core_min\"\n    COMPETITION = \"PS S6E5 Predicting F1 Pit Stops\"\n    METRIC = \"AUC\"\n\n    COMP_BASE = Path(\"/kaggle/input/competitions/playground-series-s6e5\")\n    TRAIN_PATH = COMP_BASE / \"train.csv\"\n    SUB_PATH = COMP_BASE / \"sample_submission.csv\"\n\n    NPY_BASE = Path(\"/kaggle/input/datasets/mizushimatoshihiko/npy-files\")\n\n    OUTDIR = Path(f\"/kaggle/working/{EXP_ID}\")\n\n    ID_COL = \"id\"\n    TARGET = \"PitNextLap\"\n\n    SEED = 42\n    N_SPLITS = 5\n\n    EPS = 1e-6\n\n\nCFG.OUTDIR.mkdir(parents=True, exist_ok=True)","metadata":{"trusted":true,"execution":{"iopub.status.busy":"2026-05-13T02:16:24.152036Z","iopub.execute_input":"2026-05-13T02:16:24.152461Z","iopub.status.idle":"2026-05-13T02:16:24.175092Z","shell.execute_reply.started":"2026-05-13T02:16:24.152424Z","shell.execute_reply":"2026-05-13T02:16:24.173409Z"}},"outputs":[],"execution_count":9},{"cell_type":"code","source":"# ============================================================\n# Utilities\n# ============================================================\n\ndef seed_everything(seed: int) -> None:\n    random.seed(seed)\n    np.random.seed(seed)\n    os.environ[\"PYTHONHASHSEED\"] = str(seed)\n\n\ndef safe_clip(x, eps=CFG.EPS):\n    return np.clip(np.asarray(x, dtype=float), eps, 1.0 - eps)\n\n\ndef safe_logit(p, eps=CFG.EPS):\n    p = safe_clip(p, eps)\n    return np.log(p / (1.0 - p))\n\n\ndef rank01(x):\n    x = np.asarray(x, dtype=float)\n    return rankdata(x, method=\"average\") / (len(x) + 1.0)\n\n\ndef softmax(z):\n    z = np.asarray(z, dtype=float)\n    z = z - np.max(z)\n    e = np.exp(z)\n    return e / e.sum()\n\n\ndef normalize_weights(w):\n    w = np.asarray(w, dtype=float)\n    w = np.clip(w, 0.0, None)\n    s = w.sum()\n    if s <= 0:\n        return np.ones_like(w) / len(w)\n    return w / s\n\n\ndef weighted_average(X, w):\n    w = normalize_weights(w)\n    return np.asarray(X) @ w\n\n\ndef auc(y, pred):\n    return roc_auc_score(y, pred)\n\n\ndef sanitize_name(name: str) -> str:\n    return (\n        name.replace(\" \", \"_\")\n            .replace(\"/\", \"_\")\n            .replace(\"+\", \"plus\")\n            .replace(\"-\", \"_\")\n            .replace(\".\", \"_\")\n    )\n\n\nseed_everything(CFG.SEED)","metadata":{"trusted":true,"execution":{"iopub.status.busy":"2026-05-13T02:16:24.176496Z","iopub.execute_input":"2026-05-13T02:16:24.176918Z","iopub.status.idle":"2026-05-13T02:16:24.205012Z","shell.execute_reply.started":"2026-05-13T02:16:24.176878Z","shell.execute_reply":"2026-05-13T02:16:24.203941Z"}},"outputs":[],"execution_count":10},{"cell_type":"code","source":"# ============================================================\n# Load data\n# ============================================================\n\ntrain = pd.read_csv(CFG.TRAIN_PATH)\nsub = pd.read_csv(CFG.SUB_PATH)\n\ny = train[CFG.TARGET].astype(int).values\n\nprint(\"train:\", train.shape)\nprint(\"sub  :\", sub.shape)\nprint(\"target mean:\", y.mean())","metadata":{"trusted":true,"execution":{"iopub.status.busy":"2026-05-13T02:16:24.207014Z","iopub.execute_input":"2026-05-13T02:16:24.207359Z","iopub.status.idle":"2026-05-13T02:16:25.343515Z","shell.execute_reply.started":"2026-05-13T02:16:24.207322Z","shell.execute_reply":"2026-05-13T02:16:25.342171Z"}},"outputs":[{"name":"stdout","text":"train: (439140, 16)\nsub  : (188165, 2)\ntarget mean: 0.19898210137996994\n","output_type":"stream"}],"execution_count":11},{"cell_type":"code","source":"# ============================================================\n# Load OOF / pred\n# ============================================================\n\nMODEL_SPECS = [\n    {\n        \"key\": \"007\",\n        \"name\": \"007_realmlp_shared001_min\",\n        \"family\": \"RealMLP\",\n        \"oof\": \"oof_exp_20260503_007_realmlp_shared001_min.npy\",\n        \"pred\": \"pred_exp_20260503_007_realmlp_shared001_min.npy\",\n        \"public_lb\": 0.95273,\n    },\n    # {\n    #     \"key\": \"009\",\n    #     \"name\": \"009_lgb_shared003_full_fe_single\",\n    #     \"family\": \"LightGBM\",\n    #     \"oof\": \"oof_exp_20260503_009_lgb_shared003_full_fe_single_min.npy\",\n    #     \"pred\": \"pred_exp_20260503_009_lgb_shared003_full_fe_single_min.npy\",\n    #     \"public_lb\": 0.95076,\n    # },\n    {\n        \"key\": \"014\",\n        \"name\": \"cat_shared004_no_tyreageratio_str_min\",\n        \"family\": \"CatBoost\",\n        \"oof\": \"oof_exp_20260508_014_cat_shared004_no_tyreageratio_str_min.npy\",\n        \"pred\": \"pred_exp_20260508_014_cat_shared004_no_tyreageratio_str_min.npy\",\n        \"public_lb\": 0.95233,\n    },\n    {\n        \"key\": \"015\",\n        \"name\": \"cat_shared004_no_race_year_groupstats_min\",\n        \"family\": \"CatBoost\",\n        \"oof\": \"oof_exp_20260508_015_cat_shared004_no_race_year_groupstats_min.npy\",\n        \"pred\": \"pred_exp_20260508_015_cat_shared004_no_race_year_groupstats_min.npy\",\n        \"public_lb\": 0.95244,\n    },\n    {\n        \"key\": \"016\",\n        \"name\": \"xgb_shared005_fe_te_seedens_min\",\n        \"family\": \"XGBoost\",\n        \"oof\": \"oof_exp_20260508_016_xgb_shared005_fe_te_seedens_min.npy\",\n        \"pred\": \"pred_exp_20260508_016_xgb_shared005_fe_te_seedens_min.npy\",\n        \"public_lb\": 0.95164,\n    },\n    {\n        \"key\": \"017\",\n        \"name\": \"xgb_shared005_no_pitstop_pairte_min\",\n        \"family\": \"XGBoost\",\n        \"oof\": \"oof_exp_20260509_017_xgb_shared005_no_pitstop_pairte_min.npy\",\n        \"pred\": \"pred_exp_20260509_017_xgb_shared005_no_pitstop_pairte_min.npy\",\n        \"public_lb\": 0.95164,\n    },\n    {\n        \"key\": \"018\",\n        \"name\": \"realmlp_shared006_pipeline_a_min\",\n        \"family\": \"RealMLP\",\n        \"oof\": \"oof_exp_20260510_018_realmlp_shared006_pipeline_a_min.npy\",\n        \"pred\": \"pred_exp_20260510_018_realmlp_shared006_pipeline_a_min.npy\",\n        \"public_lb\": 0.95316,\n    },\n    {\n        \"key\": \"020\",\n        \"name\": \"lgb_progress_window_te_min\",\n        \"family\": \"LightGBM\",\n        \"oof\": \"oof_exp_20260511_020_lgb_progress_window_te_min.npy\",\n        \"pred\": \"pred_exp_20260511_020_lgb_progress_window_te_min.npy\",\n        \"public_lb\": 0.95075,\n    },\n    {\n        \"key\": \"021\",\n        \"name\": \"tabm_shared007_comp_oof_no_pitstop_no_isoriginaldata_min\",\n        \"family\": \"TabM\",\n        \"oof\": \"oof_exp_20260511_021_tabm_shared007_comp_oof_no_pitstop_no_isoriginaldata_min.npy\",\n        \"pred\": \"pred_exp_20260511_021_tabm_shared007_comp_oof_no_pitstop_no_isoriginaldata_min.npy\",\n        \"public_lb\": 0.95171,\n    },\n    {\n        \"key\": \"022\",\n        \"name\": \"realmlp_shared006_pipeline_a_no_race_year_te_min\",\n        \"family\": \"RealMLP\",\n        \"oof\": \"oof_exp_20260512_022_realmlp_shared006_pipeline_a_no_race_year_te_min.npy\",\n        \"pred\": \"pred_exp_20260512_022_realmlp_shared006_pipeline_a_no_race_year_te_min.npy\",\n        \"public_lb\": 0.95301,\n    },\n    {\n        \"key\": \"023\",\n        \"name\": \"realmlp_shared006_pipeline_a_no_pitstop_cat_count_min\",\n        \"family\": \"RealMLP\",\n        \"oof\": \"oof_exp_20260512_023_realmlp_shared006_pipeline_a_no_pitstop_cat_count_min.npy\",\n        \"pred\": \"pred_exp_20260512_023_realmlp_shared006_pipeline_a_no_pitstop_cat_count_min.npy\",\n        \"public_lb\": 0.95304,\n    },\n    {\n        \"key\": \"024\",\n        \"name\": \"lgb_progress_window_weather_agg_min\",\n        \"family\": \"LightGBM\",\n        \"oof\": \"oof_exp_20260513_024_lgb_progress_window_weather_agg_min.npy\",\n        \"pred\": \"pred_exp_20260513_024_lgb_progress_window_weather_agg_min.npy\",\n        \"public_lb\": 0.95086,\n    },\n]\n\noofs = {}\npreds = {}\n\nfor spec in MODEL_SPECS:\n    oof_path = CFG.NPY_BASE / spec[\"oof\"]\n    pred_path = CFG.NPY_BASE / spec[\"pred\"]\n\n    assert oof_path.exists(), f\"missing oof: {oof_path}\"\n    assert pred_path.exists(), f\"missing pred: {pred_path}\"\n\n    oof = np.load(oof_path)\n    pred = np.load(pred_path)\n\n    assert len(oof) == len(train), (spec[\"key\"], len(oof), len(train))\n    assert len(pred) == len(sub), (spec[\"key\"], len(pred), len(sub))\n    assert np.isfinite(oof).all(), spec[\"key\"]\n    assert np.isfinite(pred).all(), spec[\"key\"]\n\n    oofs[spec[\"key\"]] = oof.astype(float)\n    preds[spec[\"key\"]] = pred.astype(float)\n\nmodel_keys = [s[\"key\"] for s in MODEL_SPECS]\nmodel_names = [s[\"name\"] for s in MODEL_SPECS]\n\nX_raw = np.column_stack([oofs[k] for k in model_keys])\nT_raw = np.column_stack([preds[k] for k in model_keys])\n\nprint(\"X_raw:\", X_raw.shape)\nprint(\"T_raw:\", T_raw.shape)","metadata":{"trusted":true,"execution":{"iopub.status.busy":"2026-05-13T02:16:25.345357Z","iopub.execute_input":"2026-05-13T02:16:25.345726Z","iopub.status.idle":"2026-05-13T02:16:25.513759Z","shell.execute_reply.started":"2026-05-13T02:16:25.345695Z","shell.execute_reply":"2026-05-13T02:16:25.512800Z"}},"outputs":[{"name":"stdout","text":"X_raw: (439140, 11)\nT_raw: (188165, 11)\n","output_type":"stream"}],"execution_count":12},{"cell_type":"code","source":"# ============================================================\n# Individual reports\n# ============================================================\n\nindividual_rows = []\n\nfor i, spec in enumerate(MODEL_SPECS):\n    pred_oof = X_raw[:, i]\n    individual_rows.append({\n        \"key\": spec[\"key\"],\n        \"name\": spec[\"name\"],\n        \"family\": spec[\"family\"],\n        \"cv_auc\": auc(y, pred_oof),\n        \"public_lb\": spec[\"public_lb\"],\n        \"oof_min\": float(pred_oof.min()),\n        \"oof_max\": float(pred_oof.max()),\n        \"pred_min\": float(T_raw[:, i].min()),\n        \"pred_max\": float(T_raw[:, i].max()),\n    })\n\nindividual_df = pd.DataFrame(individual_rows).sort_values(\"cv_auc\", ascending=False)\ndisplay(individual_df)\n\nbest_single_key = individual_df.iloc[0][\"key\"]\nbest_single_auc = individual_df.iloc[0][\"cv_auc\"]\n\nprint(\"best single:\", best_single_key, best_single_auc)","metadata":{"trusted":true,"execution":{"iopub.status.busy":"2026-05-13T02:16:25.515221Z","iopub.execute_input":"2026-05-13T02:16:25.515662Z","iopub.status.idle":"2026-05-13T02:16:27.102411Z","shell.execute_reply.started":"2026-05-13T02:16:25.515631Z","shell.execute_reply":"2026-05-13T02:16:27.100827Z"}},"outputs":[{"output_type":"display_data","data":{"text/plain":"    key                                               name    family  \\\n5   018                   realmlp_shared006_pipeline_a_min   RealMLP   \n9   023  realmlp_shared006_pipeline_a_no_pitstop_cat_co...   RealMLP   \n8   022   realmlp_shared006_pipeline_a_no_race_year_te_min   RealMLP   \n0   007                          007_realmlp_shared001_min   RealMLP   \n1   014              cat_shared004_no_tyreageratio_str_min  CatBoost   \n2   015          cat_shared004_no_race_year_groupstats_min  CatBoost   \n3   016                    xgb_shared005_fe_te_seedens_min   XGBoost   \n4   017                xgb_shared005_no_pitstop_pairte_min   XGBoost   \n7   021  tabm_shared007_comp_oof_no_pitstop_no_isorigin...      TabM   \n10  024                lgb_progress_window_weather_agg_min  LightGBM   \n6   020                         lgb_progress_window_te_min  LightGBM   \n\n      cv_auc  public_lb       oof_min   oof_max  pred_min  pred_max  \n5   0.953476    0.95316  1.100145e-05  0.998269  0.000023  0.997298  \n9   0.953446    0.95304  1.438200e-05  0.998677  0.000022  0.997378  \n8   0.953431    0.95301  1.483063e-05  0.998356  0.000021  0.997583  \n0   0.953270    0.95273  1.565386e-05  0.998289  0.000027  0.997671  \n1   0.952726    0.95233  7.059056e-05  0.997215  0.000153  0.996355  \n2   0.952714    0.95244  4.489366e-05  0.997058  0.000141  0.996636  \n3   0.951986    0.95164  1.674493e-05  0.997698  0.000027  0.997298  \n4   0.951939    0.95164  1.331864e-05  0.997702  0.000024  0.997621  \n7   0.951492    0.95171  1.000000e-06  0.999431  0.000003  0.996751  \n10  0.951178    0.95086  1.668872e-05  0.999032  0.000020  0.998800  \n6   0.951027    0.95075  1.437079e-05  0.999066  0.000021  0.998551  ","text/html":"<div>\n<style scoped>\n    .dataframe tbody tr th:only-of-type {\n        vertical-align: middle;\n    }\n\n    .dataframe tbody tr th {\n        vertical-align: top;\n    }\n\n    .dataframe thead th {\n        text-align: right;\n    }\n</style>\n<table border=\"1\" class=\"dataframe\">\n  <thead>\n    <tr style=\"text-align: right;\">\n      <th></th>\n      <th>key</th>\n      <th>name</th>\n      <th>family</th>\n      <th>cv_auc</th>\n      <th>public_lb</th>\n      <th>oof_min</th>\n      <th>oof_max</th>\n      <th>pred_min</th>\n      <th>pred_max</th>\n    </tr>\n  </thead>\n  <tbody>\n    <tr>\n      <th>5</th>\n      <td>018</td>\n      <td>realmlp_shared006_pipeline_a_min</td>\n      <td>RealMLP</td>\n      <td>0.953476</td>\n      <td>0.95316</td>\n      <td>1.100145e-05</td>\n      <td>0.998269</td>\n      <td>0.000023</td>\n      <td>0.997298</td>\n    </tr>\n    <tr>\n      <th>9</th>\n      <td>023</td>\n      <td>realmlp_shared006_pipeline_a_no_pitstop_cat_co...</td>\n      <td>RealMLP</td>\n      <td>0.953446</td>\n      <td>0.95304</td>\n      <td>1.438200e-05</td>\n      <td>0.998677</td>\n      <td>0.000022</td>\n      <td>0.997378</td>\n    </tr>\n    <tr>\n      <th>8</th>\n      <td>022</td>\n      <td>realmlp_shared006_pipeline_a_no_race_year_te_min</td>\n      <td>RealMLP</td>\n      <td>0.953431</td>\n      <td>0.95301</td>\n      <td>1.483063e-05</td>\n      <td>0.998356</td>\n      <td>0.000021</td>\n      <td>0.997583</td>\n    </tr>\n    <tr>\n      <th>0</th>\n      <td>007</td>\n      <td>007_realmlp_shared001_min</td>\n      <td>RealMLP</td>\n      <td>0.953270</td>\n      <td>0.95273</td>\n      <td>1.565386e-05</td>\n      <td>0.998289</td>\n      <td>0.000027</td>\n      <td>0.997671</td>\n    </tr>\n    <tr>\n      <th>1</th>\n      <td>014</td>\n      <td>cat_shared004_no_tyreageratio_str_min</td>\n      <td>CatBoost</td>\n      <td>0.952726</td>\n      <td>0.95233</td>\n      <td>7.059056e-05</td>\n      <td>0.997215</td>\n      <td>0.000153</td>\n      <td>0.996355</td>\n    </tr>\n    <tr>\n      <th>2</th>\n      <td>015</td>\n      <td>cat_shared004_no_race_year_groupstats_min</td>\n      <td>CatBoost</td>\n      <td>0.952714</td>\n      <td>0.95244</td>\n      <td>4.489366e-05</td>\n      <td>0.997058</td>\n      <td>0.000141</td>\n      <td>0.996636</td>\n    </tr>\n    <tr>\n      <th>3</th>\n      <td>016</td>\n      <td>xgb_shared005_fe_te_seedens_min</td>\n      <td>XGBoost</td>\n      <td>0.951986</td>\n      <td>0.95164</td>\n      <td>1.674493e-05</td>\n      <td>0.997698</td>\n      <td>0.000027</td>\n      <td>0.997298</td>\n    </tr>\n    <tr>\n      <th>4</th>\n      <td>017</td>\n      <td>xgb_shared005_no_pitstop_pairte_min</td>\n      <td>XGBoost</td>\n      <td>0.951939</td>\n      <td>0.95164</td>\n      <td>1.331864e-05</td>\n      <td>0.997702</td>\n      <td>0.000024</td>\n      <td>0.997621</td>\n    </tr>\n    <tr>\n      <th>7</th>\n      <td>021</td>\n      <td>tabm_shared007_comp_oof_no_pitstop_no_isorigin...</td>\n      <td>TabM</td>\n      <td>0.951492</td>\n      <td>0.95171</td>\n      <td>1.000000e-06</td>\n      <td>0.999431</td>\n      <td>0.000003</td>\n      <td>0.996751</td>\n    </tr>\n    <tr>\n      <th>10</th>\n      <td>024</td>\n      <td>lgb_progress_window_weather_agg_min</td>\n      <td>LightGBM</td>\n      <td>0.951178</td>\n      <td>0.95086</td>\n      <td>1.668872e-05</td>\n      <td>0.999032</td>\n      <td>0.000020</td>\n      <td>0.998800</td>\n    </tr>\n    <tr>\n      <th>6</th>\n      <td>020</td>\n      <td>lgb_progress_window_te_min</td>\n      <td>LightGBM</td>\n      <td>0.951027</td>\n      <td>0.95075</td>\n      <td>1.437079e-05</td>\n      <td>0.999066</td>\n      <td>0.000021</td>\n      <td>0.998551</td>\n    </tr>\n  </tbody>\n</table>\n</div>"},"metadata":{}},{"name":"stdout","text":"best single: 018 0.953475993350039\n","output_type":"stream"}],"execution_count":13},{"cell_type":"code","source":"# ============================================================\n# Correlation matrix\n# ============================================================\n\npearson = pd.DataFrame(\n    np.corrcoef(X_raw.T),\n    index=model_keys,\n    columns=model_keys,\n)\n\nspearman_mat = np.zeros((len(model_keys), len(model_keys)))\n\nfor i in range(len(model_keys)):\n    for j in range(len(model_keys)):\n        spearman_mat[i, j] = spearmanr(X_raw[:, i], X_raw[:, j]).correlation\n\nspearman_df = pd.DataFrame(\n    spearman_mat,\n    index=model_keys,\n    columns=model_keys,\n)\n\nprint(\"Pearson correlation\")\ndisplay(pearson)\n\nprint(\"Spearman correlation\")\ndisplay(spearman_df)\n\npearson.to_csv(CFG.OUTDIR / \"corr_pearson.csv\")\nspearman_df.to_csv(CFG.OUTDIR / \"corr_spearman.csv\")","metadata":{"trusted":true,"execution":{"iopub.status.busy":"2026-05-13T02:16:27.105172Z","iopub.execute_input":"2026-05-13T02:16:27.105466Z","iopub.status.idle":"2026-05-13T02:16:51.330347Z","shell.execute_reply.started":"2026-05-13T02:16:27.105439Z","shell.execute_reply":"2026-05-13T02:16:51.329234Z"}},"outputs":[{"name":"stdout","text":"Pearson correlation\n","output_type":"stream"},{"output_type":"display_data","data":{"text/plain":"          007       014       015       016       017       018       020  \\\n007  1.000000  0.962718  0.961711  0.981305  0.981032  0.995835  0.956906   \n014  0.962718  1.000000  0.996917  0.962898  0.962739  0.962634  0.984704   \n015  0.961711  0.996917  1.000000  0.962398  0.962237  0.961623  0.985010   \n016  0.981305  0.962898  0.962398  1.000000  0.998485  0.981123  0.960040   \n017  0.981032  0.962739  0.962237  0.998485  1.000000  0.980833  0.960623   \n018  0.995835  0.962634  0.961623  0.981123  0.980833  1.000000  0.956736   \n020  0.956906  0.984704  0.985010  0.960040  0.960623  0.956736  1.000000   \n021  0.982198  0.968765  0.967914  0.978284  0.978150  0.982275  0.965427   \n022  0.995756  0.962570  0.961611  0.981152  0.980840  0.996976  0.956728   \n023  0.995827  0.962603  0.961621  0.981087  0.980827  0.997029  0.956775   \n024  0.958067  0.984981  0.984974  0.960092  0.960679  0.957949  0.998116   \n\n          021       022       023       024  \n007  0.982198  0.995756  0.995827  0.958067  \n014  0.968765  0.962570  0.962603  0.984981  \n015  0.967914  0.961611  0.961621  0.984974  \n016  0.978284  0.981152  0.981087  0.960092  \n017  0.978150  0.980840  0.980827  0.960679  \n018  0.982275  0.996976  0.997029  0.957949  \n020  0.965427  0.956728  0.956775  0.998116  \n021  1.000000  0.982297  0.982287  0.966188  \n022  0.982297  1.000000  0.998286  0.957887  \n023  0.982287  0.998286  1.000000  0.958000  \n024  0.966188  0.957887  0.958000  1.000000  ","text/html":"<div>\n<style scoped>\n    .dataframe tbody tr th:only-of-type {\n        vertical-align: middle;\n    }\n\n    .dataframe tbody tr th {\n        vertical-align: top;\n    }\n\n    .dataframe thead th {\n        text-align: right;\n    }\n</style>\n<table border=\"1\" class=\"dataframe\">\n  <thead>\n    <tr style=\"text-align: right;\">\n      <th></th>\n      <th>007</th>\n      <th>014</th>\n      <th>015</th>\n      <th>016</th>\n      <th>017</th>\n      <th>018</th>\n      <th>020</th>\n      <th>021</th>\n      <th>022</th>\n      <th>023</th>\n      <th>024</th>\n    </tr>\n  </thead>\n  <tbody>\n    <tr>\n      <th>007</th>\n      <td>1.000000</td>\n      <td>0.962718</td>\n      <td>0.961711</td>\n      <td>0.981305</td>\n      <td>0.981032</td>\n      <td>0.995835</td>\n      <td>0.956906</td>\n      <td>0.982198</td>\n      <td>0.995756</td>\n      <td>0.995827</td>\n      <td>0.958067</td>\n    </tr>\n    <tr>\n      <th>014</th>\n      <td>0.962718</td>\n      <td>1.000000</td>\n      <td>0.996917</td>\n      <td>0.962898</td>\n      <td>0.962739</td>\n      <td>0.962634</td>\n      <td>0.984704</td>\n      <td>0.968765</td>\n      <td>0.962570</td>\n      <td>0.962603</td>\n      <td>0.984981</td>\n    </tr>\n    <tr>\n      <th>015</th>\n      <td>0.961711</td>\n      <td>0.996917</td>\n      <td>1.000000</td>\n      <td>0.962398</td>\n      <td>0.962237</td>\n      <td>0.961623</td>\n      <td>0.985010</td>\n      <td>0.967914</td>\n      <td>0.961611</td>\n      <td>0.961621</td>\n      <td>0.984974</td>\n    </tr>\n    <tr>\n      <th>016</th>\n      <td>0.981305</td>\n      <td>0.962898</td>\n      <td>0.962398</td>\n      <td>1.000000</td>\n      <td>0.998485</td>\n      <td>0.981123</td>\n      <td>0.960040</td>\n      <td>0.978284</td>\n      <td>0.981152</td>\n      <td>0.981087</td>\n      <td>0.960092</td>\n    </tr>\n    <tr>\n      <th>017</th>\n      <td>0.981032</td>\n      <td>0.962739</td>\n      <td>0.962237</td>\n      <td>0.998485</td>\n      <td>1.000000</td>\n      <td>0.980833</td>\n      <td>0.960623</td>\n      <td>0.978150</td>\n      <td>0.980840</td>\n      <td>0.980827</td>\n      <td>0.960679</td>\n    </tr>\n    <tr>\n      <th>018</th>\n      <td>0.995835</td>\n      <td>0.962634</td>\n      <td>0.961623</td>\n      <td>0.981123</td>\n      <td>0.980833</td>\n      <td>1.000000</td>\n      <td>0.956736</td>\n      <td>0.982275</td>\n      <td>0.996976</td>\n      <td>0.997029</td>\n      <td>0.957949</td>\n    </tr>\n    <tr>\n      <th>020</th>\n      <td>0.956906</td>\n      <td>0.984704</td>\n      <td>0.985010</td>\n      <td>0.960040</td>\n      <td>0.960623</td>\n      <td>0.956736</td>\n      <td>1.000000</td>\n      <td>0.965427</td>\n      <td>0.956728</td>\n      <td>0.956775</td>\n      <td>0.998116</td>\n    </tr>\n    <tr>\n      <th>021</th>\n      <td>0.982198</td>\n      <td>0.968765</td>\n      <td>0.967914</td>\n      <td>0.978284</td>\n      <td>0.978150</td>\n      <td>0.982275</td>\n      <td>0.965427</td>\n      <td>1.000000</td>\n      <td>0.982297</td>\n      <td>0.982287</td>\n      <td>0.966188</td>\n    </tr>\n    <tr>\n      <th>022</th>\n      <td>0.995756</td>\n      <td>0.962570</td>\n      <td>0.961611</td>\n      <td>0.981152</td>\n      <td>0.980840</td>\n      <td>0.996976</td>\n      <td>0.956728</td>\n      <td>0.982297</td>\n      <td>1.000000</td>\n      <td>0.998286</td>\n      <td>0.957887</td>\n    </tr>\n    <tr>\n      <th>023</th>\n      <td>0.995827</td>\n      <td>0.962603</td>\n      <td>0.961621</td>\n      <td>0.981087</td>\n      <td>0.980827</td>\n      <td>0.997029</td>\n      <td>0.956775</td>\n      <td>0.982287</td>\n      <td>0.998286</td>\n      <td>1.000000</td>\n      <td>0.958000</td>\n    </tr>\n    <tr>\n      <th>024</th>\n      <td>0.958067</td>\n      <td>0.984981</td>\n      <td>0.984974</td>\n      <td>0.960092</td>\n      <td>0.960679</td>\n      <td>0.957949</td>\n      <td>0.998116</td>\n      <td>0.966188</td>\n      <td>0.957887</td>\n      <td>0.958000</td>\n      <td>1.000000</td>\n    </tr>\n  </tbody>\n</table>\n</div>"},"metadata":{}},{"name":"stdout","text":"Spearman correlation\n","output_type":"stream"},{"output_type":"display_data","data":{"text/plain":"          007       014       015       016       017       018       020  \\\n007  1.000000  0.976924  0.976733  0.974170  0.973720  0.993611  0.966988   \n014  0.976924  1.000000  0.994676  0.975612  0.975146  0.976431  0.973243   \n015  0.976733  0.994676  1.000000  0.975249  0.974943  0.976373  0.973024   \n016  0.974170  0.975612  0.975249  1.000000  0.998203  0.973029  0.970266   \n017  0.973720  0.975146  0.974943  0.998203  1.000000  0.972656  0.970823   \n018  0.993611  0.976431  0.976373  0.973029  0.972656  1.000000  0.966401   \n020  0.966988  0.973243  0.973024  0.970266  0.970823  0.966401  1.000000   \n021  0.970593  0.970041  0.969630  0.965983  0.965901  0.970461  0.963374   \n022  0.993601  0.976682  0.976505  0.973239  0.972833  0.995831  0.966490   \n023  0.993648  0.976901  0.976754  0.973342  0.972973  0.995901  0.966738   \n024  0.966711  0.973130  0.972737  0.969182  0.969729  0.966222  0.997124   \n\n          021       022       023       024  \n007  0.970593  0.993601  0.993648  0.966711  \n014  0.970041  0.976682  0.976901  0.973130  \n015  0.969630  0.976505  0.976754  0.972737  \n016  0.965983  0.973239  0.973342  0.969182  \n017  0.965901  0.972833  0.972973  0.969729  \n018  0.970461  0.995831  0.995901  0.966222  \n020  0.963374  0.966490  0.966738  0.997124  \n021  1.000000  0.970631  0.970775  0.962801  \n022  0.970631  1.000000  0.997677  0.966277  \n023  0.970775  0.997677  1.000000  0.966593  \n024  0.962801  0.966277  0.966593  1.000000  ","text/html":"<div>\n<style scoped>\n    .dataframe tbody tr th:only-of-type {\n        vertical-align: middle;\n    }\n\n    .dataframe tbody tr th {\n        vertical-align: top;\n    }\n\n    .dataframe thead th {\n        text-align: right;\n    }\n</style>\n<table border=\"1\" class=\"dataframe\">\n  <thead>\n    <tr style=\"text-align: right;\">\n      <th></th>\n      <th>007</th>\n      <th>014</th>\n      <th>015</th>\n      <th>016</th>\n      <th>017</th>\n      <th>018</th>\n      <th>020</th>\n      <th>021</th>\n      <th>022</th>\n      <th>023</th>\n      <th>024</th>\n    </tr>\n  </thead>\n  <tbody>\n    <tr>\n      <th>007</th>\n      <td>1.000000</td>\n      <td>0.976924</td>\n      <td>0.976733</td>\n      <td>0.974170</td>\n      <td>0.973720</td>\n      <td>0.993611</td>\n      <td>0.966988</td>\n      <td>0.970593</td>\n      <td>0.993601</td>\n      <td>0.993648</td>\n      <td>0.966711</td>\n    </tr>\n    <tr>\n      <th>014</th>\n      <td>0.976924</td>\n      <td>1.000000</td>\n      <td>0.994676</td>\n      <td>0.975612</td>\n      <td>0.975146</td>\n      <td>0.976431</td>\n      <td>0.973243</td>\n      <td>0.970041</td>\n      <td>0.976682</td>\n      <td>0.976901</td>\n      <td>0.973130</td>\n    </tr>\n    <tr>\n      <th>015</th>\n      <td>0.976733</td>\n      <td>0.994676</td>\n      <td>1.000000</td>\n      <td>0.975249</td>\n      <td>0.974943</td>\n      <td>0.976373</td>\n      <td>0.973024</td>\n      <td>0.969630</td>\n      <td>0.976505</td>\n      <td>0.976754</td>\n      <td>0.972737</td>\n    </tr>\n    <tr>\n      <th>016</th>\n      <td>0.974170</td>\n      <td>0.975612</td>\n      <td>0.975249</td>\n      <td>1.000000</td>\n      <td>0.998203</td>\n      <td>0.973029</td>\n      <td>0.970266</td>\n      <td>0.965983</td>\n      <td>0.973239</td>\n      <td>0.973342</td>\n      <td>0.969182</td>\n    </tr>\n    <tr>\n      <th>017</th>\n      <td>0.973720</td>\n      <td>0.975146</td>\n      <td>0.974943</td>\n      <td>0.998203</td>\n      <td>1.000000</td>\n      <td>0.972656</td>\n      <td>0.970823</td>\n      <td>0.965901</td>\n      <td>0.972833</td>\n      <td>0.972973</td>\n      <td>0.969729</td>\n    </tr>\n    <tr>\n      <th>018</th>\n      <td>0.993611</td>\n      <td>0.976431</td>\n      <td>0.976373</td>\n      <td>0.973029</td>\n      <td>0.972656</td>\n      <td>1.000000</td>\n      <td>0.966401</td>\n      <td>0.970461</td>\n      <td>0.995831</td>\n      <td>0.995901</td>\n      <td>0.966222</td>\n    </tr>\n    <tr>\n      <th>020</th>\n      <td>0.966988</td>\n      <td>0.973243</td>\n      <td>0.973024</td>\n      <td>0.970266</td>\n      <td>0.970823</td>\n      <td>0.966401</td>\n      <td>1.000000</td>\n      <td>0.963374</td>\n      <td>0.966490</td>\n      <td>0.966738</td>\n      <td>0.997124</td>\n    </tr>\n    <tr>\n      <th>021</th>\n      <td>0.970593</td>\n      <td>0.970041</td>\n      <td>0.969630</td>\n      <td>0.965983</td>\n      <td>0.965901</td>\n      <td>0.970461</td>\n      <td>0.963374</td>\n      <td>1.000000</td>\n      <td>0.970631</td>\n      <td>0.970775</td>\n      <td>0.962801</td>\n    </tr>\n    <tr>\n      <th>022</th>\n      <td>0.993601</td>\n      <td>0.976682</td>\n      <td>0.976505</td>\n      <td>0.973239</td>\n      <td>0.972833</td>\n      <td>0.995831</td>\n      <td>0.966490</td>\n      <td>0.970631</td>\n      <td>1.000000</td>\n      <td>0.997677</td>\n      <td>0.966277</td>\n    </tr>\n    <tr>\n      <th>023</th>\n      <td>0.993648</td>\n      <td>0.976901</td>\n      <td>0.976754</td>\n      <td>0.973342</td>\n      <td>0.972973</td>\n      <td>0.995901</td>\n      <td>0.966738</td>\n      <td>0.970775</td>\n      <td>0.997677</td>\n      <td>1.000000</td>\n      <td>0.966593</td>\n    </tr>\n    <tr>\n      <th>024</th>\n      <td>0.966711</td>\n      <td>0.973130</td>\n      <td>0.972737</td>\n      <td>0.969182</td>\n      <td>0.969729</td>\n      <td>0.966222</td>\n      <td>0.997124</td>\n      <td>0.962801</td>\n      <td>0.966277</td>\n      <td>0.966593</td>\n      <td>1.000000</td>\n    </tr>\n  </tbody>\n</table>\n</div>"},"metadata":{}}],"execution_count":14},{"cell_type":"code","source":"# ============================================================\n# Meta feature builders\n# ============================================================\n\ndef build_meta_features(X, T):\n    X = np.asarray(X, dtype=float)\n    T = np.asarray(T, dtype=float)\n\n    X_rank = np.column_stack([rank01(X[:, i]) for i in range(X.shape[1])])\n    T_rank = np.column_stack([rank01(T[:, i]) for i in range(T.shape[1])])\n\n    X_logit = np.column_stack([safe_logit(X[:, i]) for i in range(X.shape[1])])\n    T_logit = np.column_stack([safe_logit(T[:, i]) for i in range(T.shape[1])])\n\n    X_meta = np.column_stack([X, X_rank, X_logit])\n    T_meta = np.column_stack([T, T_rank, T_logit])\n\n    feature_names = (\n        [f\"raw_{k}\" for k in model_keys] +\n        [f\"rank_{k}\" for k in model_keys] +\n        [f\"logit_{k}\" for k in model_keys]\n    )\n\n    return X_meta, T_meta, feature_names\n\n\nX_meta, T_meta, meta_feature_names = build_meta_features(X_raw, T_raw)\n\nprint(\"X_meta:\", X_meta.shape)\nprint(\"T_meta:\", T_meta.shape)\nprint(\"meta features:\", meta_feature_names)","metadata":{"trusted":true,"execution":{"iopub.status.busy":"2026-05-13T02:16:51.331484Z","iopub.execute_input":"2026-05-13T02:16:51.331871Z","iopub.status.idle":"2026-05-13T02:16:53.269997Z","shell.execute_reply.started":"2026-05-13T02:16:51.331824Z","shell.execute_reply":"2026-05-13T02:16:53.268713Z"}},"outputs":[{"name":"stdout","text":"X_meta: (439140, 33)\nT_meta: (188165, 33)\nmeta features: ['raw_007', 'raw_014', 'raw_015', 'raw_016', 'raw_017', 'raw_018', 'raw_020', 'raw_021', 'raw_022', 'raw_023', 'raw_024', 'rank_007', 'rank_014', 'rank_015', 'rank_016', 'rank_017', 'rank_018', 'rank_020', 'rank_021', 'rank_022', 'rank_023', 'rank_024', 'logit_007', 'logit_014', 'logit_015', 'logit_016', 'logit_017', 'logit_018', 'logit_020', 'logit_021', 'logit_022', 'logit_023', 'logit_024']\n","output_type":"stream"}],"execution_count":15},{"cell_type":"code","source":"# ============================================================\n# Save candidate helper\n# ============================================================\n\ncandidate_records = {}\ncandidate_summary = []\n\ndef add_candidate(\n    name,\n    method,\n    oof_pred,\n    test_pred,\n    weights=None,\n    params=None,\n    notes=None,\n):\n    oof_pred = np.asarray(oof_pred, dtype=float)\n    test_pred = np.asarray(test_pred, dtype=float)\n\n    score = auc(y, oof_pred)\n\n    candidate_records[name] = {\n        \"method\": method,\n        \"oof\": oof_pred,\n        \"pred\": test_pred,\n        \"score\": float(score),\n        \"weights\": None if weights is None else [float(x) for x in weights],\n        \"params\": params or {},\n        \"notes\": notes or \"\",\n    }\n\n    candidate_summary.append({\n        \"name\": name,\n        \"method\": method,\n        \"cv_auc\": float(score),\n        f\"delta_vs_{best_single_key}\": float(score - auc(y, oofs[best_single_key])),\n        \"delta_vs_best_single\": float(score - best_single_auc),\n        \"weights\": None if weights is None else json.dumps([round(float(x), 8) for x in weights]),\n        \"params\": json.dumps(params or {}, ensure_ascii=False),\n        \"notes\": notes or \"\",\n        \"oof_min\": float(oof_pred.min()),\n        \"oof_max\": float(oof_pred.max()),\n        \"pred_min\": float(test_pred.min()),\n        \"pred_max\": float(test_pred.max()),\n    })\n\n    print(f\"{name}: {score:.9f}\")","metadata":{"trusted":true,"execution":{"iopub.status.busy":"2026-05-13T02:16:53.271398Z","iopub.execute_input":"2026-05-13T02:16:53.272177Z","iopub.status.idle":"2026-05-13T02:16:53.282443Z","shell.execute_reply.started":"2026-05-13T02:16:53.272143Z","shell.execute_reply":"2026-05-13T02:16:53.281444Z"}},"outputs":[],"execution_count":16},{"cell_type":"code","source":"# ============================================================\n# Simple averages\n# ============================================================\n\nprint(\"\\n\" + \"=\" * 80)\nprint(\"Simple averages\")\nprint(\"=\" * 80)\n\navg_specs = {\n    # \"avg_007_014_015_016_018_020_021_022_023\": [\"007\", \"014\", \"015\", \"016\", \"018\", \"020\", \"021\", \"022\", \"023\"],\n    # \"avg_007_014_016_018_020_021_022_023\": [\"007\", \"014\", \"016\", \"018\", \"020\", \"021\", \"022\", \"023\"],\n    # \"avg_007_014_015_018_020_021_022_023\": [\"007\", \"014\", \"015\", \"018\", \"020\", \"021\", \"022\", \"023\"],\n    \"avg\" : model_keys\n}\n\nfor name, keys in avg_specs.items():\n    idx = [model_keys.index(k) for k in keys]\n    w = np.zeros(len(model_keys))\n    for j in idx:\n        w[j] = 1.0 / len(idx)\n\n    add_candidate(\n        name=name,\n        method=\"avg\",\n        oof_pred=weighted_average(X_raw, w),\n        test_pred=weighted_average(T_raw, w),\n        weights=w,\n        notes=f\"simple average of {keys}\",\n    )","metadata":{"trusted":true,"execution":{"iopub.status.busy":"2026-05-13T02:16:53.284654Z","iopub.execute_input":"2026-05-13T02:16:53.285068Z","iopub.status.idle":"2026-05-13T02:16:53.608628Z","shell.execute_reply.started":"2026-05-13T02:16:53.285032Z","shell.execute_reply":"2026-05-13T02:16:53.607794Z"}},"outputs":[{"name":"stdout","text":"\n================================================================================\nSimple averages\n================================================================================\navg: 0.954345440\n","output_type":"stream"}],"execution_count":17},{"cell_type":"code","source":"# ============================================================\n# Ridge / ElasticNet / LogisticRegression meta CV\n# Two-stage search\n# ============================================================\n\nmeta_folds = list(\n    StratifiedKFold(\n        n_splits=CFG.N_SPLITS,\n        shuffle=True,\n        random_state=CFG.SEED,\n    ).split(X_meta, y)\n)\n\n\ndef make_refined_grid_1d(best_value, factor_low=0.25, factor_high=4.0, n=17, min_value=1e-8):\n    lo = max(best_value * factor_low, min_value)\n    hi = max(best_value * factor_high, lo * 1.01)\n    return np.geomspace(lo, hi, n).tolist()\n\n\ndef run_meta_regressor_cv(estimator_factory, params):\n    oof_meta = np.zeros(len(y), dtype=float)\n\n    for tr_idx, va_idx in meta_folds:\n        model = make_pipeline(\n            StandardScaler(),\n            estimator_factory(params),\n        )\n        model.fit(X_meta[tr_idx], y[tr_idx])\n        oof_meta[va_idx] = model.predict(X_meta[va_idx])\n\n    score = auc(y, oof_meta)\n    return score, oof_meta\n\n\ndef run_meta_regressor_two_stage(name, estimator_factory, coarse_grid, refine_builder):\n    history = []\n\n    best = None\n\n    print(f\"\\n{name} coarse search\")\n    for params in coarse_grid:\n        score, oof_meta = run_meta_regressor_cv(estimator_factory, params)\n        history.append({\"stage\": \"coarse\", \"score\": float(score), **params})\n        print(params, score)\n\n        if best is None or score > best[\"score\"]:\n            best = {\n                \"score\": score,\n                \"params\": params,\n                \"oof\": oof_meta,\n            }\n\n    refined_grid = refine_builder(best[\"params\"])\n\n    print(f\"\\n{name} refined search around {best['params']}\")\n    for params in refined_grid:\n        score, oof_meta = run_meta_regressor_cv(estimator_factory, params)\n        history.append({\"stage\": \"refined\", \"score\": float(score), **params})\n        print(params, score)\n\n        if score > best[\"score\"]:\n            best = {\n                \"score\": score,\n                \"params\": params,\n                \"oof\": oof_meta,\n            }\n\n    final_model = make_pipeline(\n        StandardScaler(),\n        estimator_factory(best[\"params\"]),\n    )\n    final_model.fit(X_meta, y)\n    test_meta = final_model.predict(T_meta)\n\n    add_candidate(\n        name=name,\n        method=name.split(\"_\")[0],\n        oof_pred=best[\"oof\"],\n        test_pred=test_meta,\n        params=best[\"params\"],\n        notes=\"two-stage meta CV on raw+rank+logit features\",\n    )\n\n    hist_df = pd.DataFrame(history).sort_values(\"score\", ascending=False)\n    hist_df.to_csv(CFG.OUTDIR / f\"{name}_search_history.csv\", index=False)\n\n    print(f\"\\n{nam